1.122395837187712591e-03
2.850577594309003926e-01
2.987461295368984415e-02
2.159374732841125993e-02
6.421953385316689356e-03
9.966059062526748391e-02
2.054818065223733281e-02
1.497259888685452400e-03
2.237078231070048842e-02
5.316242409695828841e-02
8.852684706678433857e-04
1.013567703555260935e-01
1.459330243643709203e-02
7.544412384790280708e-03
3.139241713751780849e-04
5.680007358738597967e-01
2.333994686451631995e-01
1.103694003856596717e-04
3.034960893413146676e-02
2.548345921541319767e-02
4.088918650298099117e-02
5.813985227739581346e-04
3.865195399149339538e-03
1.048479805851034764e-02
1.976863673340241434e-01
2.132238519326373760e-01
3.146446900545661340e-01
5.129215327399575530e-01
8.597635497060986121e-02
1.654448278557460461e-02
5.594023841986408424e-02
9.413127279612248932e-01
9.193952428936928989e-01
1.167248893571839891e-01
2.038536308545672165e-02
1.575773976640603390e-03
8.163686839669228104e-03
5.245275609362603543e-03
7.084969364615788072e-03
1.820934384754132607e-01
2.709171887940783896e-02
1.276111044032004734e-03
7.988861273839240051e-02
5.635238767058384224e-02
3.408698669847000286e-03
2.745658850368299930e-01
1.779691999251454548e-01
1.247819082704267925e-02
1.843393744236742195e-04
1.678259833198059853e-02
9.877135412247256552e-01
9.913311828780978496e-01
9.975135566510845431e-01
6.084478357028167972e-01
7.541124016170257516e-01
5.050427575265392655e-01
6.330049340365004329e-02
5.804186747258908152e-01
9.950174538945796288e-01
9.993315840400082140e-01
7.855252878720648813e-01
9.989482494782000455e-01
9.537145822645871629e-01
8.865974343359241949e-01
2.213223484726417056e-01
9.958350552474259931e-01
9.316679566211530927e-01
9.982581982607166005e-01
9.957418939289094384e-01
4.226928324658040803e-01
9.918581203962861803e-01
9.974623963677079486e-01
9.998778969987949239e-01
9.905053393324251276e-01
7.774390087503367797e-01
7.773152632172557475e-01
9.968230031508257261e-01
9.923259478330079819e-01
9.664855177504605432e-01
9.387761611328578892e-01
2.316885721619608984e-01
9.717913036676174565e-01
7.090723553925480926e-01
9.102080270923382788e-01
9.994294885187823274e-01
9.954922326694711776e-01
9.524477917297861085e-01
9.957167445938246431e-01
9.924785256771951891e-01
7.462348616447004312e-01
9.479347835961964286e-01
9.506539715016983916e-01
4.462658874373667817e-01
9.996114207519498640e-01
9.509935402749080113e-01
9.027772594088215863e-01
9.894315844910475111e-01
9.964425757169610431e-01
9.997382747024780025e-01
9.457444829601255876e-01
