5.814773546573348550e-02
7.565006878099486340e-03
6.940038201778616321e-03
1.191586077465893630e-02
1.195899347444288885e-02
2.672793998239248597e-02
1.389078311472876151e-02
7.292062265768999669e-04
2.281304872706216291e-02
4.364658413938097767e-03
8.889681406448531054e-03
9.491111597561913138e-03
1.177478463743484097e-02
1.233133825332422689e-02
3.736208653138938310e-03
8.495805424306185349e-02
3.205212518096815701e-03
7.112305679997214108e-03
1.812703317613618623e-02
2.303090580248472793e-03
2.471335773124747667e-03
2.503436718157745627e-02
1.393840755113995994e-02
1.839294641106534525e-02
1.210979213217744073e-03
1.540661500683058408e-03
5.660211504609376915e-03
4.424571424726681662e-02
3.117041009203841331e-03
1.014375897204226051e-01
1.509796249880954351e-02
2.965880872737060737e-03
1.239166187663068340e-03
3.636606478534881118e-03
3.731682434484796806e-02
1.234753269190924131e-02
3.634090785674299467e-02
4.831977201800442823e-02
4.295515900936071156e-03
4.543472091525277597e-03
1.233014190243822243e-02
5.040615484638341637e-03
1.970133449603670480e-03
1.888067124765209145e-02
1.200988316884653295e-02
1.927900208105294902e-02
3.084108505830222662e-03
1.047528066569330171e-03
8.440074115511909600e-03
2.025290612083940067e-01
1.078827275254296524e-02
2.131916586798113938e-02
5.020449167638680460e-03
2.176370006609036969e-02
1.183177587858646150e-02
1.386241694933796351e-03
1.284657038385752376e-02
9.627510393049104262e-03
1.794229039463487302e-02
1.012424565455704271e-02
5.085581322705427960e-03
3.713211759757834018e-03
1.100956964397112603e-01
2.218501918494989456e-01
1.310375468767566443e-01
1.067255144033225495e-01
1.010249872942068500e-01
1.287700019436187615e-01
1.227229520437252697e-01
2.552246781699275546e-01
3.850392001959870858e-01
2.059237099859945741e-01
1.994648165247024374e-01
1.551511569830730519e-01
2.129186643267121648e-01
9.937293286063231257e-02
1.530721739071553567e-01
1.260138168012977511e-01
1.660286297049707038e-01
6.793878519289915652e-02
1.558186592062599796e-01
3.934838429089562717e-01
2.085013846744249166e-01
1.726930124742487860e-01
1.043624208278637611e-01
9.382866963634729773e-02
1.165291093432811453e-01
1.854612616974576356e-01
2.777956623400618108e-01
1.661340922568430023e-01
1.083225528329038873e-01
1.590798949168655552e-01
1.253199232696693144e-01
1.709773094553640460e-01
1.370583927191089679e-01
2.408634969394543857e-01
1.992383237019327291e-01
1.059163883065978029e-01
1.896590781981271900e-01
2.314301598935988302e-01
2.947510147466606001e-01
1.600532111015954551e-01
1.439182018716224087e-01
2.281081668330820489e-01
7.446672337166690414e-02
1.452053887472349591e-01
1.537639312097870414e-01
2.029662435233870188e-01
1.209944671406627398e-01
9.218046026671972148e-02
2.246482689379145359e-01
8.455879619155963478e-02
1.892616805069721186e-01
9.607557566366603519e-02
7.507959708812887711e-02
2.145776684891635699e-01
2.674766155487483532e-01
1.221464150388643227e-01
2.150373832752664749e-01
1.570365410279604967e-01
1.387473665327881300e-01
1.393112943926048120e-01
1.133427001669794626e-01
1.860127675932601587e-01
