3.004299665729563418e-01
3.908586887018068029e-02
3.585686404252284853e-02
6.156528066907117347e-02
6.178813295128825905e-02
1.380943565756945213e-01
7.176904609276527069e-02
3.767565503980649811e-03
1.178674184231545130e-01
2.255073513868017382e-02
4.593002059998407827e-02
4.903740992073655353e-02
6.083638729341334789e-02
6.371191430884183549e-02
1.930374470788451605e-02
4.389499469224862338e-01
1.656026467683354916e-02
3.674691267998560912e-02
9.365633807670363520e-02
1.189930133128377573e-02
1.276856816114452925e-02
1.293442304381501873e-01
7.201510568088979880e-02
9.503022312383761772e-02
6.256725934958344559e-03
7.960084420195802715e-03
2.924442610714844681e-02
2.286028569442118963e-01
1.610471188088651376e-02
5.240942135555167747e-01
7.800613957718263713e-02
1.532371784247481446e-02
6.402358636259186317e-03
1.878913347243021947e-02
1.928035924483811614e-01
6.379558557486442183e-02
1.877613572598388070e-01
2.496521554263562148e-01
2.219349882150303474e-02
2.347460580621393497e-02
6.370573316259747765e-02
2.604318000396476512e-02
1.017902282295229770e-02
9.755013477953580758e-02
6.205106303904042025e-02
9.960817741877357745e-02
1.593456061345615085e-02
5.412228343941539142e-03
4.360704959681153264e-02
1.046400149576702354e+00
5.573940922147199023e-02
1.101490236512358833e-01
2.593898736613318295e-02
1.124457836748002509e-01
6.113084203936338529e-02
7.162248757157947850e-03
6.637394698326387621e-02
4.974213703075370391e-02
9.270183370561350944e-02
5.230860254854471925e-02
2.627550350064471185e-02
1.918492742541547461e-02
5.688277649385081736e-01
1.146225991222411311e+00
6.770273255299092963e-01
5.514151577504998736e-01
5.219624343534020605e-01
6.653116767086969530e-01
6.340685855592472775e-01
1.318660837211292458e+00
1.989369201012600064e+00
1.063939168260972012e+00
1.030568218710962602e+00
8.016143110792107729e-01
1.100079765688012801e+00
5.134268197799336519e-01
7.908728985203027362e-01
6.510713868067050658e-01
8.578145868090153447e-01
3.510170568299789684e-01
8.050630725656765518e-01
2.032999855029607339e+00
1.077257154151195495e+00
8.922472311169520331e-01
5.392058409439627331e-01
4.847814597877944109e-01
6.020670649402859453e-01
9.582165187701977560e-01
1.435277588756985967e+00
8.583594766603555026e-01
5.596665229700034105e-01
8.219127904038053822e-01
6.474862702266248604e-01
8.833827655193808859e-01
7.081350290487297139e-01
1.244461400853847710e+00
1.029398005793319193e+00
5.472346729174220048e-01
9.799052373569905328e-01
1.195722492783593882e+00
1.522880242857746369e+00
8.269415906915765779e-01
7.435773763367158340e-01
1.178558861970923966e+00
3.847447374202790371e-01
7.502278418607140065e-01
7.944469779172330659e-01
1.048658924870832898e+00
6.251380802267575421e-01
4.762657113780519036e-01
1.160682722845891801e+00
4.368871136563914348e-01
9.778520159526893352e-01
4.963904742622745059e-01
3.879112516219991869e-01
1.108651287194011736e+00
1.381962513668533177e+00
6.310898110341323086e-01
1.111026480255543403e+00
8.113554619777959553e-01
7.168613937527387181e-01
7.197750210284582506e-01
5.856039508627272072e-01
9.610659658985108988e-01
