1.128717852857956672e-01
-8.786025693918251278e-01
7.544993703392970374e-01
1.593738509299236217e-01
8.569827941436174434e-01
2.765178145561590917e-01
1.616036736974114374e-01
9.298183462769809005e-01
9.919610863884300578e-01
8.816572059582368226e-01
1.029915855922796997e+00
7.787664443968771166e-03
-6.772094280917144715e-01
4.887214401641415407e-01
-1.136473494726786271e-01
6.463822480698997452e-01
4.656894174173585865e-01
7.497799912089657681e-01
-6.528419016382809303e-01
-5.690773717801498321e-01
-2.316783387496776925e-01
-5.682710834077902007e-01
1.281419119115447813e-01
-8.325204969748920547e-01
-9.135833241342838917e-01
-9.108193393916295122e-01
-5.506163770336449659e-01
-5.867420294392893254e-01
-6.133110326867416973e-01
6.808697294489469698e-01
5.097513798250470352e-01
1.059286849160310018e+00
2.015630330420954408e-01
-9.476261440538991110e-02
3.748339122999837514e-01
9.206562367530657376e-01
1.002103904842570614e-01
7.495659541190440311e-01
-4.777620609779873462e-01
6.824872628438329869e-01
-5.201614280878281704e-01
-1.569012063319910055e-01
-2.180318199402906387e-01
-6.130301148411261281e-01
3.688637356453448035e-01
9.357476583853374663e-01
7.394897841500209790e-01
4.497553344918173157e-01
9.203059789570416926e-01
-7.320623763853060240e-01
8.690436292141856534e-01
6.779930309229580399e-01
-9.198633193483729542e-02
-8.598227030310278546e-03
3.110366279470113682e-01
2.677211110196462962e-01
4.473783888281965271e-01
-9.942566653100248786e-01
-5.183727207623487487e-01
1.024491887518179656e+00
1.037869635027104387e+00
-5.483813149387914976e-01
-8.969824662549585881e-01
-2.627921009899818472e-01
8.821609539007493339e-01
5.522054299023988477e-01
8.973083096948339943e-01
-5.584730907394044319e-01
5.350337836173100214e-01
6.607217891340084748e-01
-6.650366892137782315e-01
1.244561016157825217e-01
-8.909614677882800038e-01
9.358778323919887399e-01
7.063108031400755493e-01
5.430135285479171792e-01
2.853690108859774921e-01
-9.478587568489102999e-01
2.328278737470782511e-01
1.147216372604263346e-01
2.116375172029500984e-01
-7.167712665340069123e-01
-9.249301804987126729e-01
5.488539993016630092e-01
-1.932463936694119866e-01
-8.458850707341568631e-01
-2.586093840233800734e-01
7.563953826432534555e-01
9.123295701673295177e-01
-4.993063452191535134e-01
-7.953794783162955184e-01
-3.766062530224871807e-01
8.695184130839574976e-01
3.552748692153871041e-02
1.057574759859979618e+00
2.248451836604026255e-01
-8.763423434979866755e-02
-8.751001842056611579e-01
-9.845812143741743405e-01
6.841048570786966154e-01
-7.645767596789063703e-01
6.308163394192214946e-02
9.130504691916587756e-01
3.061040103096499543e-01
8.013395958833480215e-01
-9.791399262457884944e-01
-5.515919499002661652e-01
-2.704720596427918622e-01
7.546908664748830375e-01
-8.092745005803578806e-01
4.448485282657621553e-02
-8.880827438923946104e-01
4.949296084626846337e-01
6.769527155859940137e-01
-9.128144064476657604e-01
-8.964110229671264918e-01
4.041026092463706476e-01
1.149506285226600255e-01
4.039584051504618856e-03
5.127154094054873212e-01
-4.341715981877865005e-01
1.862092281686779094e-01
2.041879073355801211e-02
-3.285379467955635846e-01
3.055276777715727476e-01
-2.559600306315985563e-01
-4.197806381657613883e-01
5.987961187830355136e-01
-7.943543381173947537e-01
1.053776934988736702e+00
1.783133761898199054e-01
1.554559378537047898e-01
-3.283140269358533203e-01
2.052158582300407375e-01
4.491976060380534208e-02
1.462033375015403813e-01
-9.356877161633705420e-01
-8.247470137361183617e-01
9.102449628611850585e-01
1.026582861134211377e+00
-5.973163230586280292e-01
-9.747447408746041653e-01
7.157163812116675849e-01
8.576152467851221317e-01
-5.514188389492742370e-01
-7.207485272456963799e-01
2.680612294083672964e-01
-7.093745091027834349e-01
-7.591938601529750752e-01
4.082553006716516109e-01
-9.853975605034084317e-01
-7.739555654321055300e-01
4.831726780360128259e-01
5.290849021149224285e-01
9.313304355784882693e-01
-7.190956476997634184e-01
-6.269654025652862117e-01
4.851354575894226140e-01
4.659932890638387448e-01
2.730176336564957285e-01
9.538825963611685665e-02
-2.394386548586826535e-01
9.797815045343685192e-01
6.645270457861618407e-02
6.153249177638002720e-01
-9.317982510083657743e-01
-6.948467575911116967e-01
-3.008789422383273404e-01
9.425318768935659897e-01
-6.724345646838845170e-01
1.627475589281672796e-01
8.861893381960216365e-01
5.126162222083685549e-01
4.574917787588201890e-01
7.819842776826702035e-01
-7.106431986745889162e-01
-1.916562874380591808e-01
7.534745872532944144e-01
-1.344748840049749816e-01
-6.708886636250959157e-01
4.450276657862643065e-02
3.300845806270018556e-01
-6.354322552492557286e-01
7.562689265095530189e-01
2.546356265891525084e-01
-8.420310856713708603e-01
-9.555837796300998832e-01
4.196287920482610900e-01
-6.365406748766986311e-01
2.939017104531815305e-01
7.735346267755964789e-01
-9.718890132743660537e-01
3.302352775882155811e-02
8.225236740304815442e-01
6.862268197774532563e-01
3.015216248422349921e-01
1.364432649846203383e-01
-5.928198080723241503e-01
3.132801851381223912e-01
1.038496552847755883e+00
