1.345261018606103793e-03
2.809525852807131518e-01
3.191758482044670248e-02
2.334369858953828578e-02
7.163057820946842208e-03
1.008327040021784332e-01
2.218959904519090046e-02
1.790954556504364276e-03
2.410848377803983741e-02
5.553494668204167484e-02
1.070115241975568877e-03
1.035103648725129721e-01
1.586099342664385251e-02
8.475854782878574148e-03
3.900595463550957142e-04
5.536190810645944538e-01
2.309648971230017778e-01
1.434390480918497097e-04
3.232767431413122172e-02
2.743299401438951957e-02
4.316281919368780695e-02
7.125340333806998074e-04
4.442498786903562730e-03
1.166470527369561395e-02
1.968294486068181137e-01
2.117654527942109677e-01
3.084605086318480405e-01
4.996352672026265762e-01
8.838479857912953652e-02
1.806159738101942649e-02
5.817443891608581330e-02
9.322244481141702677e-01
9.088465402390836223e-01
1.184552661931460166e-01
2.211412083149059266e-02
1.863738778993920134e-03
9.106357404182686271e-03
5.948833111052938272e-03
7.974686856481926975e-03
1.828373357752407780e-01
2.899327587866294340e-02
1.527045938783271701e-03
8.218927310945690901e-02
5.864564338809970939e-02
3.938580547510014442e-03
2.705464203533891610e-01
1.777602042774645286e-01
1.380299997171554813e-02
2.354079522815689257e-04
1.829586177426345203e-02
9.849039847561155137e-01
9.892535599316478745e-01
9.967745810240553617e-01
5.915429727123038273e-01
7.369979919947985403e-01
4.911358668634474567e-01
6.550490414512191717e-02
5.648508785963785028e-01
9.937047096725366568e-01
9.990880164674728059e-01
7.680310066132602920e-01
9.985995496920913039e-01
9.458781673637176590e-01
8.735717244294594064e-01
2.200671162999896513e-01
9.946606101594505089e-01
9.215890447583151568e-01
9.977110308239248715e-01
9.945679489669071449e-01
4.131849858129544306e-01
9.898966098267090175e-01
9.967219161214702083e-01
9.998249371625789195e-01
9.881765113239272535e-01
7.612642316321756031e-01
7.598659282980512186e-01
9.959116403489884917e-01
9.904456888639011636e-01
9.608702972441255374e-01
9.297029113399563061e-01
2.295480358749373839e-01
9.664733397141835880e-01
6.908506232179336681e-01
8.981950981439297266e-01
9.992210500280838126e-01
9.942491947615279546e-01
9.442409806595576383e-01
9.945723991740106351e-01
9.905588901508275423e-01
7.281471308049172197e-01
9.398187477668861201e-01
9.429751568374844517e-01
4.354567969794365667e-01
9.994614705987161507e-01
9.435173125299957109e-01
8.902726175446856738e-01
9.869587545513984761e-01
9.954498464177435890e-01
9.996325110530533964e-01
9.369800885471963880e-01
