3.847023724564391928e-02
4.586181428539319316e-01
6.485165598729066838e-01
1.269728480925579606e-01
1.515582113951015157e-02
3.052272107209440515e-03
4.909347258828896238e-15
5.881722691107261758e-01
1.437158667045877747e-01
2.221437300205061482e-03
4.825235030460970319e-03
1.530221444505149853e-01
4.410434356261887256e-04
2.507951578743048970e-01
6.871210149707135962e-06
5.985652172788840514e-02
1.561910766185518051e-01
6.519506697087368297e-01
2.461539570642028163e-01
3.054997756098282516e-02
1.039273186291706647e-02
4.176900749592751816e-02
6.210880032495416092e-01
5.630850877019299983e-01
9.785563364493968241e-02
1.862427798954121583e-01
9.089878452428530207e-04
2.953370124563877222e-02
2.773450770660616099e-02
1.667504026130299521e-01
2.350720229298228214e-02
2.060245444910431822e-01
5.140496735528667094e-02
1.509710413653072014e-01
7.692797356350297711e-02
3.506078998286221160e-01
5.036792528327276031e-02
9.633268147294775652e-01
3.854230655163820018e-01
9.807505629589872986e-02
1.784282111595647535e-01
9.371051879102086923e-01
2.315012776054708177e-01
1.135661930608820730e-01
1.191976861887970479e-06
5.941055646764383663e-02
4.426530144107569953e-01
7.138186779963795470e-02
6.138028084876649693e-02
6.344876439933641032e-01
8.145975723731962992e-01
5.227970612519970972e-01
6.070236453599948678e-01
9.139567220113281598e-01
7.768343758969709079e-01
9.938622845733319222e-01
5.969980577429054858e-01
5.604222511841695509e-01
8.856354197998237421e-01
9.127348867817556277e-01
9.616746502781317041e-01
8.744716876055920185e-01
3.452494415354935842e-01
9.902068678996915896e-01
9.349750830406554636e-01
9.729050662057874277e-01
9.460575050311047507e-01
7.606314139881418246e-01
8.000558167860757353e-01
9.410787813010053071e-01
9.953075884702344833e-01
6.920281683081489499e-01
9.081418265093976760e-01
8.714818190728800262e-01
9.475942470223718272e-01
9.375424731197014028e-01
9.908185412779371148e-01
9.263747636071616443e-01
9.895570191815978855e-01
6.040183144683944905e-01
3.051399884504749083e-01
9.946710424822889918e-01
9.009613362722933561e-01
9.867441368237227506e-01
9.012301276875325229e-01
9.656321404095666860e-01
9.693302021129862611e-01
9.135680378546332525e-01
9.356113024874181949e-01
8.652346337417970989e-01
5.955460078088161691e-01
8.233140875810899262e-01
7.916148187307067152e-01
8.243916471427361614e-01
9.214254091554988646e-01
9.422209250135740177e-01
9.649026350028632182e-01
9.255632972428585736e-01
9.461846561210363049e-01
8.293872866124605281e-01
