6.162391548903021349e-02
6.048796810421939174e-01
6.053557841229253444e-01
1.150513690437623554e-01
9.795695982369609367e-02
1.905903343325610413e-02
3.871935330042325106e-08
5.272944974434782273e-01
1.071641904732886785e-01
2.238367552464347321e-02
1.133818401659231062e-01
1.322096958539934475e-01
6.894627907741187299e-03
2.979540998265421403e-01
3.119748105052649618e-03
6.957643340269324683e-02
2.480807931599819383e-01
6.690340108127054153e-01
6.571842329756424350e-01
8.227551692333943956e-02
5.158042529944256716e-02
4.680143614011666314e-02
5.689821863695565529e-01
6.439194139567872011e-01
1.346114521751579085e-01
3.293513310152698659e-01
1.553648531541594775e-02
3.272176637052401360e-02
2.963069974300948720e-02
1.972130872159470194e-01
3.299479026391347047e-02
1.847281451100402094e-01
5.104753564547586525e-02
2.516936724491143362e-01
4.053097681124289697e-01
5.007484866558071790e-01
6.880660175541632173e-02
9.451180029015404660e-01
3.169660334385222544e-01
8.599453265069315067e-02
2.846877471988979447e-01
9.152471216280430033e-01
1.977353923890406151e-01
1.343264358888895116e-01
7.939159092392187103e-04
5.778242549591081079e-02
4.240560689444511921e-01
9.402456921319775340e-02
7.690604985149383788e-02
6.168790916165547422e-01
8.909570174091593353e-01
3.956286568812469873e-01
7.609474808329920181e-01
8.343763411288299681e-01
7.273790799991557421e-01
9.860844854720663966e-01
5.385272598199708494e-01
4.893947412286384080e-01
8.166151050477172824e-01
8.877056439274940702e-01
9.317912528482407142e-01
8.255501356163154059e-01
2.597038690571756292e-01
9.790245634104655093e-01
9.156122032100034724e-01
9.419300737527570577e-01
9.101277070210087583e-01
8.270696437726559047e-01
6.881942526489726042e-01
9.182383228946938702e-01
9.910488696733734670e-01
5.662167894596240592e-01
8.443637702663913114e-01
7.792128150709315415e-01
9.102252996054608358e-01
9.319032736499706093e-01
9.769546346480697530e-01
8.586693531147114866e-01
9.830833045893431210e-01
4.748240518419730161e-01
2.275697924237351510e-01
9.950244500848012263e-01
8.824186277671464129e-01
9.752987402038503228e-01
8.257180666971675187e-01
9.407480118178408457e-01
9.419868846814299923e-01
8.530695142675530640e-01
8.902760775467883914e-01
9.307810731353821643e-01
4.645490332292914748e-01
7.525980650207817479e-01
7.167322393843701400e-01
7.660901080304066690e-01
8.790764865208453571e-01
8.859814324756648540e-01
9.226029691285437817e-01
8.745839080203956506e-01
9.501455362742673438e-01
7.261190624832042362e-01
